11000
170
305
312
337
476
11001
513
476
20
71
11002
305
299
1
2
4
128
11003
482
2
83
11004
409
299
66
106
11005
189
2
347
11006
305
312
409
11007
4
308
439
498
11008
20
71
270
322
354
482
11009
1
228
308
11010
32
312
498
11011
32
293
498
11012
18
293
453
458
11013
2
294
350
532
11014
2
164
304
344
11016
74
164
304
344
11019
296
393
498
11020
66
189
393
11021
61
71
189
293
294
11022
2
189
288
11023
179
192
282
11024
18
164
304
11025
18
304
11026
18
312
11027
18
127
308
11028
18
520
11029
18
486
515
11034
2
26
32
11046
31
293
498
11050
32
192
293
305
359
498
11052
2
53
312
528
11053
97
246
11054
2
238
293
294
11055
2
56
482
11060
5
56
189
482
11064
47
106
305
308
476
498
11084
2
74
89
189
294
11102
1
138
11106
294
453
482
11112
4
94
293
299
483
492
11113
1
293
312
483
492
529
11117
1
67
106
300
11118
4
67
308
439
11119
1
37
293
352
490
11120
2
56
67
294
322
498
11121
5
53
294
482
11124
2
56
189
322
323
11128
74
305
312
498
11129
66
106
192
299
409
11145
56
71
322
359
476
513
11146
71
293
294
476
513
11147
71
293
322
359
476
11149
2
192
250
293
498
11157
74
127
299
322
359
476
11164
74
194
304
344
476
11170
74
106
299
409
11202
81
312
476
11205
66
89
250
299
312
409
11222
305
308
323
498
11224
2
193
293
323
350
11227
56
97
141
294
476
11239
100
304
305
11242
89
192
299
305
406
409
11243
1
112
282
11251
74
293
498
11255
453
482
528
11288
128
305
312
11320
2
228
312
11324
5
189
294
11326
2
56
191
294
11338
2
74
89
294
482
11339
2
32
106
189
250
293
11368
2
498
11369
5
56
475
482
11375
18
164
304
11382
53
66
299
312
11387
106
270
305
308
476
498
11390
305
308
337
476
11391
305
308
397
476
11396
2
74
127
482
11403
2
312
497
11407
2
89
294
357
409
11408
2
250
293
322
359
476
11410
2
89
299
409
11415
2
299
354
409
513
11416
2
89
106
337
359
476
11417
2
293
322
359
476
11418
2
89
250
397
409
470
11419
2
56
127
308
476
11420
2
294
409
513
11422
1
18
259
11423
5
18
11424
1
18
11433
2
250
393
397
498
11462
1
223
352
11470
293
305
393
11472
2
393
498
11476
5
347
350
482
11524
66
89
299
305
409
11528
106
273
352
359
375
480
11542
26
250
312
11558
66
89
192
299
406
409
11566
2
245
532
11580
71
127
293
322
359
476
11600
1
308
498
11602
53
71
11604
53
71
294
11634
2
89
192
299
304
409
11658
5
187
189
294
11662
2
323
350
11664
2
482
11666
2
89
189
294
357
409
11670
179
490
11690
106
305
362
480
498
11720
2
106
189
350
498
11728
2
189
347
11766
71
179
259
11786
71
74
89
299
305
409
11798
56
242
305
11844
66
106
299
425
476
11870
2
100
228
352
11872
1
18
164
304
498
11936
2
56
11938
2
192
250
304
11959
2
164
11961
246
250
11963
74
406
11965
194
304
344
406
409
11983
74
299
305
418
11985
305
312
449
11987
137
311
449
11989
250
297
425
11991
2
53
189
11993
179
282
304
344